#\tablecaption{Median Sizes of Galaxies as a Function of Galaxy Mass and Redshift, and Redshift Dependencies,
#\tablehead{ \colhead{Median Stellar mass} & \colhead{$z_{\mathrm{med}}$} & \colhead{All Median $R_{e}$(kpc)} && \colhead{Quiescent Median $R_{#e}$(kp#c)} & & \colhead{Star-forming Median  R_{e} (kpc)} \\}
#M*lo M*hi M*med zmed All Med Re (kpc) dRe Quiescent Re dRe Star-forming Re dRe
9.8 10.2   10.05  0.3      3.47    0.01       2.15    0.01       3.75    0.01   
9.8 10.2   10.05  0.5      3.47    0.01       1.82    0.01       3.81    0.01  
9.8 10.2   10.05  0.7      3.40    0.01       1.93    0.01       3.66    0.01  
9.8 10.2   10.05  0.9      3.37    0.00       2.29    0.02       3.43    0.00  
10.2 10.8  10.5   0.3      3.79    0.01       3.27    0.01       4.37    0.02   
10.2 10.8  10.5   0.5      3.88    0.01       2.78    0.01       4.67    0.01  
10.2 10.8  10.5   0.7      3.57    0.01       2.42    0.01       4.31    0.01  
10.2 10.8  10.5   0.9      3.62    0.01       2.34    0.01       4.07    0.01  
10.8 11.2  10.9  0.3      6.18    0.02       6.01    0.03       6.96    0.06   
10.8 11.2  10.9  0.5      5.48    0.01       5.04    0.02       6.24    0.02  
10.8 11.2  10.9  0.7      4.66    0.01       4.27    0.01       5.36    0.02  
10.8 11.2  10.9  0.9      4.19    0.01       3.69    0.01       4.91    0.02  
11.2 12.5  11.4   0.3      10.48    0.13     10.45    0.14       10.76    0.32   
11.2 12.5  11.4   0.5      8.97    0.07       8.97    0.08       8.94    0.15  
11.2 12.5  11.4   0.7      7.36    0.04       7.38    0.05       7.36    0.07  
11.2 12.5  11.4   0.9      6.41    0.04       6.37    0.04       6.57    0.09
