#\caption{Median sizes of galaxies as a function of stellar mass and redshift for all, star-forming and quiescent galaxies. The stellar masses in\
# the header and the redshifts in the first column are the centers of each 0.5-wide bins.
#         All                                    Star-forming                             Quiescent
#z
--     10 --     10.5 --   11 --   11.3  --     10 --   10.5 --     11	--   11.3 --   10 --    10.5 --   11	--    11.3 --
0.25   3.5 0.1   4.5 0.1   7.7 0.2   9.2 0.1    4.2 0.1   5.6 0.1   8.9 0.3   15.8 0.4   2.1 0.2   3.1 0.2   6.4 0.2   8.7 0.1 
0.75   3.3 0.1   3.5 0.1   5.6 0.1   7.0 0.1    4.0 0     4.8 0.1   6.9 0.1   9.5 0.3    1.5 0.1   2.2 0.1   4.5 0.1   6.8 0.1 
1.25   3.4 0     3.2 0.1   4.4 0.1   6.1 0.1    3.6 0    4.3 0.1   5.4 0.1   8.5 0.3     1.2 0.2   1.5 0.1    2.9 0.1   5.7 0.1
1.75   3.1 0.1   2.9 0.1   3.3 0.1   5.3 0.2   3.2 0.1   4.0 0.1   4.5 0.1   6.6 0.2     1.1 0.3   1.3 0.1    2.3 0.1   4.4 0.2
2.25   2.7 0.1   2.8 0.1   3.0 0.1   4.8 0.2   2.8 0.1   3.3 0.1   3.7 0.1   5.1 0.2     0.6 1.8   1.1 0.2    1.9 0.2   3.6 0.4
2.75   2.7 0.1   2.9 0.2   2.8 0.2   4.4 0.3   2.7 0.1   3.2 0.2   3.1 0.3   4.3 0.3     --  --    1.1 0.8    2.1 0.4   4.9  0.9
